0001470
0004741
0006290
0006291
0006849
0007829
0015057
1500007
2000623
2000663
2001537
2001586
2001587
2001588
2001589
2001761
2001762
2001777
2001778
2001781
2001787
2001852
2001993
2001998
2002019
2002026
2002027
2002028
2002029
2002030
2002040
2002072
2002076
2002086
2002087
2002279
2002280
2101586
2101587
2101588
2102026
2102027
2102028
2102029
2102279
2102280
2201586
2201587
2201588
2202026
2202027
2202028
2202029
2202279
2202280
4000160
4000175
4200022
4200099
4200103
4200135
4300016
4300081
4300082
4300083
4300087
4300092
4300104
4300117
4300147
4300151
4400000
4440009